list = {
	{'Part', CFrame.new(5.19998407, 2.77499294, 1.50002766, 1.19386328e-07, -2.60701682e-10, 1, -3.53279428e-12, 1, -2.60701682e-10, -1, 3.53275287e-12, 1.42882016e-07), Color3.new(0.105882, 0.164706, 0.207843), Vector3.new(2, 1.0000001192092896, 3.000002861022949), 1, false, Enum.PartType.Block},
	{'Part', CFrame.new(6.9448719, 2.11661243, 1.49995732, -0.341739625, -0.939794421, -1.23581984e-07, 0.939794421, -0.341739625, 3.3432688e-12, -4.73914845e-08, -1.30337838e-07, 1), Color3.new(1, 0.666667, 0), Vector3.new(0.5, 0.5, 8.789999961853027), 0, true, Enum.PartType.Block},
	{'ReverseBulb', CFrame.new(10.2999601, 2.97496843, -1.29998922, -1.25868951e-08, 1.10348246e-08, 1, -6.32869313e-10, 1, -1.28148994e-08, -1, 6.32875863e-10, 1.25868951e-08), Color3.new(0.972549, 0.972549, 0.972549), Vector3.new(0.400002658367157, 1, 0.39999979734420776), 0, true, Enum.PartType.Block},
	{'Black Bar', CFrame.new(10.2999897, 2.97499895, 1.49999785, 1.4372111e-07, -2.60701682e-10, -1, 3.52206242e-12, 1, 2.60666155e-10, 1, 3.53985829e-12, 1.18547234e-07), Color3.new(0.105882, 0.164706, 0.207843), Vector3.new(5.200000286102295, 1, 0.4000000059604645), 0, false, Enum.PartType.Block},
	{'Part', CFrame.new(8.1999836, 1.77499282, 1.50002813, 1.0369771e-06, -2.67206646e-10, 1, -3.46194731e-12, 1, -2.67206646e-10, -1, 3.46168255e-12, -7.74708724e-07), Color3.new(0.105882, 0.164706, 0.207843), Vector3.new(7.999999046325684, 1, 3.000002145767212), 0, true, Enum.PartType.Block},
	{'Color', CFrame.new(8.3999958, 2.77499294, 1.49999952, 1.19386328e-07, -2.60701682e-10, 1, -3.53279428e-12, 1, -2.60701682e-10, -1, 3.53275287e-12, 1.42882016e-07), Color3.new(1, 0.666667, 0), Vector3.new(8.80000114440918, 0.9999995231628418, 3.3999953269958496), 0, true, Enum.PartType.Block},
	{'Color', CFrame.new(-2.80003095, 2.87497663, -2.70000792, 1.36175544e-07, -2.72549983e-10, 0.99999994, -5.40698345e-12, 1, -2.68911976e-10, -1.00000012, 4.49744148e-12, 1.55895123e-07), Color3.new(1, 0.666667, 0), Vector3.new(0.4000014662742615, 2.3999996185302734, 4.199995517730713), 0, false, Enum.PartType.Block},
	{'EngineBlock', CFrame.new(-7.80002356, 2.57499743, 1.50002408, 5.87315753e-07, -3.13423953e-10, -1, 4.03544038e-12, 1, 3.13384874e-10, 1, 4.03913838e-12, -6.7473843e-07), Color3.new(0.105882, 0.164706, 0.207843), Vector3.new(2.799999952316284, 1.399999976158142, 3.000000476837158), 0, true, Enum.PartType.Block},
	{'Seat Back', CFrame.new(4.39999628, 3.67496276, 1.50002754, 1.20225451e-07, -2.70393485e-10, 1, -3.65903792e-12, 1, -2.70393485e-10, -1, 3.65899455e-12, 1.42042893e-07), Color3.new(0.639216, 0.635294, 0.647059), Vector3.new(7.999999046325684, 0.7999999523162842, 1.3999998569488525), 0, true, Enum.PartType.Block},
	{'Color', CFrame.new(-10.9000225, 2.9749999, 5.29996967, 4.59223742e-07, -7.48109642e-07, 1, -1, 1.31128644e-07, -4.59223912e-07, -1.31139217e-07, -1, 1.03524917e-06), Color3.new(0.803922, 0.803922, 0.803922), Vector3.new(1, 0.4000000059604645, 0.7999999523162842), 0, true, false},
	{'FrontBulb', CFrame.new(-10.8000231, 2.97499561, -1.29999256, -3.61645931e-07, -4.10683043e-10, 1, -5.39133885e-12, 1, -4.10643963e-10, -1, 5.39140564e-12, 6.23914161e-07), Color3.new(0.972549, 0.972549, 0.972549), Vector3.new(2.4000015258789062, 0.9999992251396179, 0.5999962687492371), 0, true, Enum.PartType.Block},
	{'RearLight', CFrame.new(10.599947, 2.97496748, 5.2000103, -3.00754976e-08, -2.65977462e-10, -1, 3.60662325e-12, 1, 2.65938382e-10, 1, 3.61014777e-12, -5.73472931e-08), Color3.new(0.388235, 0.372549, 0.384314), Vector3.new(1.3999998569488525, 1, 0.20000000298023224), 1, false, Enum.PartType.Block},
	{'Seat Back', CFrame.new(-0.800016403, 2.87497187, 3.40002084, 1.22113505e-07, -2.55269583e-10, 1, -3.44905094e-12, 1, -2.55269583e-10, -1, 3.44900974e-12, 1.40154839e-07), Color3.new(0.639216, 0.635294, 0.647059), Vector3.new(2.9999990463256836, 2.4000000953674316, 1), 0, false, Enum.PartType.Block},
	{'ReverseBulb', CFrame.new(10.2999592, 2.97496748, 4.3000164, -1.25868951e-08, 1.10348246e-08, 1, -6.32869313e-10, 1, -1.28148994e-08, -1, 6.32875863e-10, 1.25868951e-08), Color3.new(0.972549, 0.972549, 0.972549), Vector3.new(0.400002658367157, 1, 0.39999979734420776), 0, true, Enum.PartType.Block},
	{'RearBulb', CFrame.new(10.2999592, 2.97496748, 5.2000103, 1.19386328e-07, -2.60701682e-10, 1, -3.53279428e-12, 1, -2.60701682e-10, -1, 3.53275287e-12, 1.42882016e-07), Color3.new(0.768627, 0.156863, 0.109804), Vector3.new(1.3999989032745361, 1, 0.40000003576278687), 0, true, Enum.PartType.Block},
	{'RearBulb', CFrame.new(10.2999601, 2.97496843, -2.1999855, 1.19386328e-07, -2.60701682e-10, 1, -3.53279428e-12, 1, -2.60701682e-10, -1, 3.53275287e-12, 1.42882016e-07), Color3.new(0.768627, 0.156863, 0.109804), Vector3.new(1.3999991416931152, 1, 0.40000003576278687), 0, true, Enum.PartType.Block},
	{'ReverseLight', CFrame.new(10.5999556, 2.97496843, -1.30001259, -2.67192206e-08, -2.78332002e-09, -1, 2.52096566e-09, 1, 2.78328116e-09, 1, 2.52096899e-09, -6.07035417e-08), Color3.new(0.105882, 0.164706, 0.207843), Vector3.new(0.39999979734420776, 0.9999999403953552, 0.20000000298023224), 1, false, Enum.PartType.Block},
	{'BigThing', CFrame.new(5.19998407, 1.97499871, 1.50002766, 1.23162422e-07, -2.50150123e-10, 1, -3.37800339e-12, 1, -2.50150123e-10, -1, 3.37796241e-12, 1.39105921e-07), Color3.new(0.105882, 0.164706, 0.207843), Vector3.new(2.799999952316284, 2.6000003814697266, 3.000002384185791), 0, true, Enum.PartType.Block},
	{'Color', CFrame.new(1.10000873, 2.87497616, -2.7000227, 1.3701468e-07, -2.72393663e-10, 1, -5.40063654e-12, 1, -2.72393663e-10, -1.00000012, 4.49109326e-12, 1.99759469e-07), Color3.new(1, 0.666667, 0), Vector3.new(0.4000014662742615, 2.3999996185302734, 3.5999953746795654), 0, false, Enum.PartType.Block},
	{'Grille', CFrame.new(-10.8999996, 2.97499943, 1.49999499, -2.12796408e-07, -3.03622016e-10, 1, -4.04512361e-12, 1, -3.03582937e-10, -1, 4.0522659e-12, 1.25373646e-07), Color3.new(0.105882, 0.164706, 0.207843), Vector3.new(3.1999995708465576, 1.4000000953674316, 0.7999963760375977), 0, true, Enum.PartType.Block},
	{'Color', CFrame.new(-2.74492431, 6.65590858, 1.50000572, -6.73049527e-08, -0.786318004, 0.617821217, -3.01026359e-09, 0.617821455, 0.786317825, -1, -2.61799357e-07, 2.0996174e-07), Color3.new(1, 0.666667, 0), Vector3.new(8.00000286102295, 0.20000000298023224, 0.40000003576278687), 0, true, Enum.PartType.Block},
	{'Color', CFrame.new(-11.4000072, 2.98256016, 1.13588214, -3.11209305e-07, -2.00281619e-07, 1, -0.541240633, 0.840867758, 2.88655211e-11, -0.840867758, -0.541240633, 3.07535004e-07), Color3.new(0.803922, 0.803922, 0.803922), Vector3.new(0.20000000298023224, 1.2999999523162842, 0.20000000298023224), 0, true, Enum.PartType.Block},
	{'Part', CFrame.new(-6.52103567, 3.21166945, 1.49995553, -0.73115027, -0.682216406, -1.23581984e-07, 0.682216406, -0.73115027, 3.27697309e-12, -1.01398328e-07, -9.4616496e-08, 1), Color3.new(1, 0.666667, 0), Vector3.new(1.0264655351638794, 0.6144784092903137, 8.789999961853027), 0, true, Enum.PartType.Block},
	{'Seat Back', CFrame.new(-0.800015926, 2.87497234, -0.399997473, 1.22113505e-07, -2.55269583e-10, 1, -3.44905094e-12, 1, -2.55269583e-10, -1, 3.44900974e-12, 1.40154839e-07), Color3.new(0.639216, 0.635294, 0.647059), Vector3.new(2.9999990463256836, 2.4000000953674316, 1), 0, false, Enum.PartType.Block},
	{'Part', CFrame.new(-1.20001006, 0.974999905, 1.50002491, 1.24421121e-07, -2.25295338e-10, 1, -3.04177321e-12, 1, -2.25295338e-10, -1, 3.04174394e-12, 1.37847223e-07), Color3.new(0.105882, 0.164706, 0.207843), Vector3.new(7.999998569488525, 0.20000000298023224, 9.800002098083496), 0, true, Enum.PartType.Block},
	{'RearLight', CFrame.new(10.5999479, 2.97496843, -2.19998407, -2.98657028e-08, -2.70901523e-10, -1, 3.67290963e-12, 1, 2.70862444e-10, 1, 3.67644283e-12, -5.7557088e-08), Color3.new(0.388235, 0.372549, 0.384314), Vector3.new(1.399999976158142, 1.0000001192092896, 0.20000000298023224), 1, false, Enum.PartType.Block},
	{'Color', CFrame.new(-8.10001945, 3.87498403, 1.49999547, 4.30253237e-08, -2.86888735e-10, 1, -3.86115619e-12, 1, -2.86892288e-10, -1, 3.86422708e-12, 2.1924302e-07), Color3.new(1, 0.666667, 0), Vector3.new(8.80000114440918, 0.4000000059604645, 6.400000095367432), 0, true, false},
	{'Part', CFrame.new(-1.20001006, 1.37499189, 1.49995625, 7.98706026e-08, -2.40145681e-10, 1, -3.44428847e-12, 1, -2.55074184e-10, -1, 3.24220685e-12, 9.49749648e-08), Color3.new(0.105882, 0.164706, 0.207843), Vector3.new(7.999998569488525, 0.6000000238418579, 9.80000114440918), 0, false, Enum.PartType.Block},
	{'Base', CFrame.new(-7.80002356, 1.47500014, 1.50002408, -3.3851606e-08, -2.70198086e-10, -1, 3.65071905e-12, 1, 2.70159006e-10, 1, 3.65424227e-12, -5.35711848e-08), Color3.new(0.105882, 0.164706, 0.207843), Vector3.new(0.7999999523162842, 0.800000011920929, 3.40000057220459), 0, true, Enum.PartType.Block},
	{'Part', CFrame.new(6.52736092, 3.274858, 1.49995732, -0.73115021, -0.682216287, -1.23581984e-07, 0.682216287, -0.73115021, 3.3432688e-12, -1.01398271e-07, -9.46165102e-08, 1), Color3.new(1, 0.666667, 0), Vector3.new(1, 0.7819080352783203, 8.789999961853027), 0, true, Enum.PartType.Block},
	{'Wheel2', CFrame.new(-7.80003166, 1.37499976, -2.39999151, -1.31134158e-07, 1, 0, 0, 0, 1, 1, 1.31134158e-07, 0), Color3.new(0.105882, 0.164706, 0.207843), Vector3.new(1, 2.75, 2.75), 0, true, Enum.PartType.Cylinder},
	{'Color', CFrame.new(-1.30001557, 1.27499342, -2.70001554, 1.23162422e-07, -2.55074184e-10, 1, -3.44429888e-12, 1, -2.55074184e-10, -1, 3.44425747e-12, 1.39105921e-07), Color3.new(1, 0.666667, 0), Vector3.new(0.4000014662742615, 0.7999995946884155, 9.999995231628418), 0, false, Enum.PartType.Block},
	{'Right', CFrame.new(-7.80004263, 1.47499967, 0.599992037, -1.23581984e-07, -1, 2.47609933e-10, 3.3432688e-12, 2.47609933e-10, -1, 1, -1.3868636e-07, -3.34323649e-12), Color3.new(0.105882, 0.164706, 0.207843), Vector3.new(1, 0.800000011920929, 1), 0, true, Enum.PartType.Block},
	{'Left', CFrame.new(-7.80002785, 1.47499967, 2.40001798, 1.23581984e-07, -1, -2.47609933e-10, -3.3432688e-12, 2.47609933e-10, 1, -1, -1.3868636e-07, 3.34323649e-12), Color3.new(0.105882, 0.164706, 0.207843), Vector3.new(1, 0.7999999523162842, 1), 0, true, Enum.PartType.Block},
	{'Color', CFrame.new(-10.9000149, 3.27500057, 4.29997349, 7.48119078e-07, 4.28455688e-10, 1, -8.74172557e-08, -1, -4.28526936e-10, 1, -8.74283046e-08, 1.03525872e-06), Color3.new(0.803922, 0.803922, 0.803922), Vector3.new(2.400001287460327, 0.4000000059604645, 0.7999999523162842), 0, true, false},
	{'Color', CFrame.new(-10.9000225, 2.9749999, 4.09996891, 4.59223742e-07, -7.48109642e-07, 1, -1, 1.31128644e-07, -4.59223912e-07, -1.31139217e-07, -1, 1.03524917e-06), Color3.new(0.803922, 0.803922, 0.803922), Vector3.new(1, 0.4000000059604645, 0.7999999523162842), 0, true, false},
	{'Seat Back', CFrame.new(3.19998407, 2.87497187, 1.50002742, 1.21693944e-07, -2.70119926e-10, 1, -3.65111196e-12, 1, -2.70119926e-10, -1, 3.65106816e-12, 1.405744e-07), Color3.new(0.639216, 0.635294, 0.647059), Vector3.new(7.999999046325684, 2.4000000953674316, 1), 0, true, Enum.PartType.Block},
	{'Color', CFrame.new(8.59998894, 1.07499647, 5.69998121, 2.08427014e-06, 3.26679683e-10, -1, -8.74268906e-08, -1, 3.26867255e-10, -1, 8.74186554e-08, 1.99684746e-06), Color3.new(1, 0.666667, 0), Vector3.new(0.40000152587890625, 0.4000000059604645, 3.799999713897705), 0, false, false},
	{'Part', CFrame.new(6.7479496, 2.50758743, 1.49995732, -0.551688075, -0.834050298, -1.23581984e-07, 0.834050298, -0.551688075, 3.3432688e-12, -7.65087975e-08, -1.15673231e-07, 1), Color3.new(1, 0.666667, 0), Vector3.new(0.5, 0.5, 8.789999961853027), 0, true, Enum.PartType.Block},
	{'Color', CFrame.new(8.19998455, 1.77499318, -2.70001602, 1.17498274e-07, -2.70901523e-10, 1, -3.67648533e-12, 1, -2.70901523e-10, -1, 3.67644283e-12, 1.4477007e-07), Color3.new(1, 0.666667, 0), Vector3.new(0.4000014662742615, 0.9999995827674866, 2.999995708465576), 0, true, Enum.PartType.Block},
	{'Part', CFrame.new(8.59999275, 1.07499671, 1.49999952, 2.62515044e-07, 2.62087352e-10, -1, -8.74262938e-08, -1, 2.62115663e-10, -1, 8.74192523e-08, 1.75092225e-07), Color3.new(0.105882, 0.164706, 0.207843), Vector3.new(8.000001907348633, 0.4000000059604645, 3.799999713897705), 0, false, false},
	{'Color', CFrame.new(-10.9000063, 2.67500067, -1.29999828, -7.48119078e-07, -4.28521219e-10, 1, -5.50967128e-12, 1, -4.28526936e-10, -1, 5.51699745e-12, 1.03525872e-06), Color3.new(0.803922, 0.803922, 0.803922), Vector3.new(2.400001287460327, 0.4000000059604645, 0.7999999523162842), 0, true, false},
	{'Color', CFrame.new(-9.89999962, 2.57499743, 1.49999714, -2.11537724e-07, -3.03622016e-10, 1, -4.05613911e-12, 1, -3.03582937e-10, -1, 4.0632814e-12, 1.24114962e-07), Color3.new(1, 0.666667, 0), Vector3.new(8.800002098083496, 2.1999990940093994, 1.1999963521957397), 0, true, Enum.PartType.Block},
	{'Color', CFrame.new(-10.9000225, 2.9749999, 3.29997325, -4.59223855e-07, 7.48109528e-07, 1, 1, -4.37058709e-08, -4.59223912e-07, 4.37164367e-08, 1, 1.03524917e-06), Color3.new(0.803922, 0.803922, 0.803922), Vector3.new(1.0000001192092896, 0.4000000059604645, 0.7999999523162842), 0, true, false},
	{'Bumper', CFrame.new(10.2999897, 1.7749927, 1.49999785, 1.03173249e-06, -2.92803948e-10, 1, -3.82667422e-12, 1, -2.9280392e-10, -1, 3.82640837e-12, -7.69464123e-07), Color3.new(0.105882, 0.164706, 0.207843), Vector3.new(9.200000762939453, 0.9999995827674866, 1.1999965906143188), 0, true, Enum.PartType.Block},
	{'Color', CFrame.new(-10.9000063, 2.9749999, -0.299998522, 4.59223742e-07, -7.48109642e-07, 1, -1, 1.31128644e-07, -4.59223912e-07, -1.31139217e-07, -1, 1.03524917e-06), Color3.new(0.803922, 0.803922, 0.803922), Vector3.new(1, 0.4000000059604645, 0.7999999523162842), 0, true, false},
	{'Color', CFrame.new(4.40000296, 3.67499328, 5.70000935, 1.18966753e-07, -2.75552026e-10, 1, -3.73485487e-12, 1, -2.75552026e-10, -1, 3.73481151e-12, 1.43301591e-07), Color3.new(1, 0.666667, 0), Vector3.new(0.4000014662742615, 0.7999995350837708, 1.3999954462051392), 0, true, Enum.PartType.Block},
	{'Color', CFrame.new(-1.30000913, 1.27499223, 5.70000648, 1.23162422e-07, -2.55074184e-10, 1, -3.44429888e-12, 1, -2.55074184e-10, -1, 3.44425747e-12, 1.39105921e-07), Color3.new(1, 0.666667, 0), Vector3.new(0.4000014662742615, 0.7999995946884155, 9.999995231628418), 0, false, Enum.PartType.Block},
	{'Bumper', CFrame.new(-11.2000179, 1.87500119, 1.4999969, -3.61436065e-07, -4.15607104e-10, 1, -5.45764042e-12, 1, -4.15607104e-10, -1, 5.45770113e-12, 6.23704409e-07), Color3.new(0.105882, 0.164706, 0.207843), Vector3.new(9.200000762939453, 0.7999995946884155, 1.3999966382980347), 0, true, Enum.PartType.Block},
	{'Bumper', CFrame.new(-10.3999996, 1.27499318, 1.49999702, -3.61436065e-07, -4.15607104e-10, 1, -5.45764042e-12, 1, -4.15607104e-10, -1, 5.45770113e-12, 6.23704409e-07), Color3.new(0.105882, 0.164706, 0.207843), Vector3.new(8, 0.39999961853027344, 1.7999967336654663), 0, true, Enum.PartType.Block},
	{'DoorHinge1', CFrame.new(-4.20000267, 2.87497139, 5.60000229, 1.21693944e-07, -2.70119926e-10, 1, -3.65111196e-12, 1, -2.70119926e-10, -1, 3.65106816e-12, 1.405744e-07), Color3.new(0.639216, 0.635294, 0.647059), Vector3.new(0.6000000238418579, 2.4000000953674316, 0.6000000238418579), 1, false, Enum.PartType.Block},
	{'Color', CFrame.new(-4.50000954, 2.87499094, 1.49999785, -5.37809512e-08, -2.70198086e-10, 1, -3.64714378e-12, 1, -2.70159006e-10, -1, 3.65424227e-12, -3.36418111e-08), Color3.new(1, 0.666667, 0), Vector3.new(8.000001907348633, 2.3999991416931152, 0.7999963760375977), 0, true, Enum.PartType.Block},
	{'Color', CFrame.new(-7.80002356, 3.47499418, 1.49999547, -3.66357568e-07, -3.06798142e-10, 1, -4.03806025e-12, 1, -3.06759063e-10, -1, 4.04524938e-12, 2.78934749e-07), Color3.new(1, 0.666667, 0), Vector3.new(8.800002098083496, 0.40000003576278687, 2.9999964237213135), 0, true, Enum.PartType.Block},
	{'Color', CFrame.new(-10.8999996, 2.97499466, 5.70000744, -3.66357568e-07, -3.06798142e-10, 1, -4.03806025e-12, 1, -3.06759063e-10, -1, 4.04524938e-12, 2.78934749e-07), Color3.new(1, 0.666667, 0), Vector3.new(0.40000230073928833, 1.3999990224838257, 0.7999963164329529), 0, true, Enum.PartType.Block},
	{'Color', CFrame.new(-10.8999987, 2.97499561, -2.69998693, -3.63420583e-07, -3.06798142e-10, 1, -4.06400478e-12, 1, -3.06759063e-10, -1, 4.0711926e-12, 2.75997877e-07), Color3.new(1, 0.666667, 0), Vector3.new(0.40000230073928833, 1.3999990224838257, 0.7999963164329529), 0, true, Enum.PartType.Block},
	{'Color', CFrame.new(-3.73345041, 5.39780903, 5.70001793, -6.73049527e-08, -0.786318064, 0.617821336, -3.01032999e-09, 0.617821515, 0.786317945, -1, -2.61799329e-07, 2.09961854e-07), Color3.new(1, 0.666667, 0), Vector3.new(0.40000247955322266, 0.20000000298023224, 3.6000001430511475), 0, true, Enum.PartType.Block},
	{'Color', CFrame.new(8.00000191, 3.97499204, 1.4999975, 2.01524898e-07, -2.84497759e-10, -1, 3.87671882e-12, 1, 2.84497759e-10, 1, 3.88960175e-12, -2.8894766e-07), Color3.new(1, 0.666667, 0), Vector3.new(8.80000114440918, 0.20000000298023224, 5), 0, true, false},
	{'Color', CFrame.new(10.2999897, 3.67499375, 1.50000358, -8.04707611e-07, -2.949605e-10, 1, -4.08004013e-12, 1, -2.949605e-10, -1, 4.08025827e-12, 1.06697598e-06), Color3.new(1, 0.666667, 0), Vector3.new(8.80000114440918, 0.4000000059604645, 0.3999953269958496), 0, true, Enum.PartType.Block},
	{'Color', CFrame.new(-10.9000149, 2.67500067, 4.29996967, -7.48119078e-07, -4.28521219e-10, 1, -5.50967128e-12, 1, -4.28526936e-10, -1, 5.51699745e-12, 1.03525872e-06), Color3.new(0.803922, 0.803922, 0.803922), Vector3.new(2.400001287460327, 0.4000000059604645, 0.7999999523162842), 0, true, false},
	{'Color', CFrame.new(-8.20002937, 3.77497983, 1.49999917, -2.11800568e-07, -2.93496782e-10, 1, -3.92029855e-12, 1, -2.93461477e-10, -1, 3.92746079e-12, 1.4924909e-07), Color3.new(0.584314, 0.47451, 0.466667), Vector3.new(3.200000047683716, 0.20000000298023224, 6.599996566772461), 0, true, Enum.PartType.Block},
	{'Color', CFrame.new(3.29999065, 2.87499142, -2.70001364, 1.22113505e-07, -2.70041767e-10, 1, -3.64793785e-12, 1, -2.70041767e-10, -1, 3.64789449e-12, 1.40154839e-07), Color3.new(1, 0.666667, 0), Vector3.new(0.4000014662742615, 2.3999996185302734, 0.7999954223632812), 0, false, Enum.PartType.Block},
	{'Color', CFrame.new(-10.8999996, 2.37499142, 1.4999969, -5.3649137e-07, -4.15607104e-10, 1, -5.45047297e-12, 1, -4.15568024e-10, -1, 5.45770113e-12, 4.49068693e-07), Color3.new(1, 0.666667, 0), Vector3.new(8.000001907348633, 0.20000000298023224, 0.7999963760375977), 0, true, Enum.PartType.Block},
	{'Color', CFrame.new(-10.9000225, 2.9749999, 4.49997044, -4.59223855e-07, 7.48109528e-07, 1, 1, -4.37058709e-08, -4.59223912e-07, 4.37164367e-08, 1, 1.03524917e-06), Color3.new(0.803922, 0.803922, 0.803922), Vector3.new(1.0000001192092896, 0.4000000059604645, 0.7999999523162842), 0, true, false},
	{'Color', CFrame.new(-8.19997978, 2.97499609, -0.200018644, 3.82356166e-06, 1.72346665e-06, 1, -1, 1.19172876e-08, -3.82356211e-06, -1.1930771e-08, -1, -1.46119851e-06), Color3.new(1, 0.666667, 0), Vector3.new(1.4000000953674316, 0.20000000298023224, 6.599999904632568), 0, false, false},
	{'Color', CFrame.new(-8.20001793, 2.97499561, 3.19997525, -4.12942245e-06, -1.87640478e-06, 1, 1, -9.93394451e-08, -4.12942245e-06, 9.9353997e-08, 1, -1.61413664e-06), Color3.new(1, 0.666667, 0), Vector3.new(1.4000000953674316, 0.20000000298023224, 6.599999904632568), 0, false, false},
	{'Color', CFrame.new(1.1000154, 2.87498331, 5.69998503, 1.38063598e-07, -2.62350142e-10, 1, -5.26329327e-12, 1, -2.62350142e-10, -1.00000012, 4.3537513e-12, 1.98710552e-07), Color3.new(1, 0.666667, 0), Vector3.new(0.4000014662742615, 2.3999996185302734, 3.5999953746795654), 0, false, Enum.PartType.Block},
	{'Color', CFrame.new(3.29999685, 2.87499046, 5.70000935, 1.22113505e-07, -2.70041767e-10, 1, -3.64793785e-12, 1, -2.70041767e-10, -1, 3.64789449e-12, 1.40154839e-07), Color3.new(1, 0.666667, 0), Vector3.new(0.4000014662742615, 2.3999996185302734, 0.7999954223632812), 0, false, Enum.PartType.Block},
	{'FrontBulb', CFrame.new(-10.800024, 2.97499514, 4.30001354, -3.61645931e-07, -4.15607104e-10, 1, -5.45763218e-12, 1, -4.15568024e-10, -1, 5.45770113e-12, 6.23914161e-07), Color3.new(0.972549, 0.972549, 0.972549), Vector3.new(2.4000015258789062, 0.9999992251396179, 0.5999962687492371), 0, true, Enum.PartType.Block},
	{'Color', CFrame.new(4.39999676, 3.67499423, -2.7000165, 1.15190659e-07, -2.86103585e-10, 1, -3.88964598e-12, 1, -2.86103585e-10, -1, 3.88960175e-12, 1.47077685e-07), Color3.new(1, 0.666667, 0), Vector3.new(0.4000014662742615, 0.7999995350837708, 1.3999954462051392), 0, true, Enum.PartType.Block},
	{'Color', CFrame.new(5.26723337, 4.05677509, 1.49999714, -3.45858524e-07, 0.813733459, 0.581238151, 5.0815685e-10, 0.581238151, -0.813733459, -1, 4.94557867e-07, 3.53880068e-07), Color3.new(1, 0.666667, 0), Vector3.new(8.000001907348633, 0.39999961853027344, 0.24092607200145721), 0, true, Enum.PartType.Block},
	{'DoorHinge2', CFrame.new(-4.20000935, 2.87497234, -2.5999794, 1.21693944e-07, -2.70119926e-10, 1, -3.65111196e-12, 1, -2.70119926e-10, -1, 3.65106816e-12, 1.405744e-07), Color3.new(0.639216, 0.635294, 0.647059), Vector3.new(0.6000000238418579, 2.4000000953674316, 0.6000000238418579), 1, false, Enum.PartType.Block},
	{'Color', CFrame.new(-2.80000901, 2.87498331, 5.70000076, 1.38063598e-07, -2.62350142e-10, 0.99999994, -5.26329327e-12, 1, -2.58712135e-10, -1.00000012, 4.3537513e-12, 1.54007068e-07), Color3.new(1, 0.666667, 0), Vector3.new(0.4000014662742615, 2.3999996185302734, 4.199995517730713), 0, false, Enum.PartType.Block},
	{'Window', CFrame.new(-3.79524016, 5.31916714, 1.49999785, -4.63816434e-08, -0.786318183, 0.617821455, -4.99535802e-10, 0.617821574, 0.786318123, -1, -2.46898196e-07, 1.9506075e-07), Color3.new(0.972549, 0.972549, 0.972549), Vector3.new(8.00000286102295, 0.20000000298023224, 3), 0.6000000238418579, true, Enum.PartType.Block},
	{'Color', CFrame.new(-4.78375816, 4.06108952, 1.49999964, 1.23581984e-07, -0.786317825, 0.617821276, -1.48795565e-09, 0.617821276, 0.786317885, -1, -1.38851817e-07, 8.56860112e-08), Color3.new(1, 0.666667, 0), Vector3.new(8.000001907348633, 0.20000000298023224, 0.20000000298023224), 0, true, Enum.PartType.Block},
	{'Color', CFrame.new(-10.9000063, 2.9749999, -1.49999905, 4.59223742e-07, -7.48109642e-07, 1, -1, 1.31128644e-07, -4.59223912e-07, -1.31139217e-07, -1, 1.03524917e-06), Color3.new(0.803922, 0.803922, 0.803922), Vector3.new(1, 0.4000000059604645, 0.7999999523162842), 0, true, false},
	{'Color', CFrame.new(-10.8999996, 3.5749948, 1.49999499, -2.12796408e-07, -3.03622016e-10, 1, -4.04512361e-12, 1, -3.03582937e-10, -1, 4.0522659e-12, 1.25373646e-07), Color3.new(1, 0.666667, 0), Vector3.new(8.000001907348633, 0.20000000298023224, 0.7999963760375977), 0, true, Enum.PartType.Block},
	{'Color', CFrame.new(7.59999275, 3.57499385, 1.4999975, 1.20854807e-07, -2.60428124e-10, 1, -3.52486811e-12, 1, -2.60428124e-10, -1, 3.52482648e-12, 1.41413537e-07), Color3.new(1, 0.666667, 0), Vector3.new(8.80000114440918, 0.6000000238418579, 4.999995231628418), 0, true, Enum.PartType.Block},
	{'Color', CFrame.new(5.29999018, 3.97499204, 1.49999905, 1.15190659e-07, -2.86103585e-10, 1, -3.88964598e-12, 1, -2.86103585e-10, -1, 3.88960175e-12, 1.47077685e-07), Color3.new(1, 0.666667, 0), Vector3.new(8.80000114440918, 0.20000000298023224, 0.3999953866004944), 0, true, Enum.PartType.Block},
	{'Color', CFrame.new(8.1999836, 1.77499223, 5.70000982, 1.9518402e-06, -2.84067714e-10, 1, -3.53012151e-12, 1, -2.84067714e-10, -1, 3.52958981e-12, -1.68957217e-06), Color3.new(1, 0.666667, 0), Vector3.new(0.4000014662742615, 0.9999995827674866, 2.999995470046997), 0, false, Enum.PartType.Block},
	{'Color', CFrame.new(-8.20002556, 3.97497869, 1.49999154, -2.97938186e-07, -3.08240766e-10, 1, -4.04982861e-12, 1, -3.0824604e-10, -0.99999994, 4.04990798e-12, 5.85077714e-07), Color3.new(1, 0.666667, 0), Vector3.new(3.200000047683716, 0.20000000298023224, 6.599999904632568), 0, true, false},
	{'Color', CFrame.new(-11.4000072, 2.97499895, 2.99999118, -3.69557284e-07, -3.11796811e-10, 1, -4.10278365e-12, 1, -3.11761506e-10, -1, 4.10999056e-12, 3.0700582e-07), Color3.new(0.803922, 0.803922, 0.803922), Vector3.new(0.20000004768371582, 1, 0.20000000298023224), 0, true, Enum.PartType.Block},
	{'Color', CFrame.new(-5.60001945, 2.67499495, 1.49999762, 1.21274368e-07, -2.70198086e-10, 1, -3.65428564e-12, 1, -2.70198086e-10, -1, 3.65424227e-12, 1.40993976e-07), Color3.new(1, 0.666667, 0), Vector3.new(8.80000114440918, 1.9999992847442627, 1.3999958038330078), 0, true, Enum.PartType.Block},
	{'Color', CFrame.new(-3.73346043, 5.39780903, -2.70001459, -6.73049527e-08, -0.786318004, 0.617821217, -3.01032999e-09, 0.617821455, 0.786317825, -1, -2.617993e-07, 2.09961797e-07), Color3.new(1, 0.666667, 0), Vector3.new(0.40000247955322266, 0.20000000298023224, 3.6000001430511475), 0, true, Enum.PartType.Block},
	{'ReverseLight', CFrame.new(10.5999546, 2.97496748, 4.29998589, -2.4411591e-08, -2.79351964e-09, -1, 2.52110555e-09, 1, 2.793481e-09, 1, 2.52110888e-09, -6.30111998e-08), Color3.new(0.105882, 0.164706, 0.207843), Vector3.new(0.39999979734420776, 0.9999999403953552, 0.20000000298023224), 1, false, Enum.PartType.Block},
	{'Color', CFrame.new(10.2999897, 2.37499094, 1.49999785, 2.84761359e-06, -3.8327011e-10, 1, -4.79519289e-12, 1, -3.83270082e-10, -1, 4.79445737e-12, -2.58534533e-06), Color3.new(1, 0.666667, 0), Vector3.new(8.80000114440918, 0.20000000298023224, 0.3999953269958496), 0, true, Enum.PartType.Block},
	{'Color', CFrame.new(8.60001659, 1.07499743, -2.7000103, 2.98969348e-06, 3.84612758e-10, -1, -8.74275585e-08, -1, 3.84879462e-10, -1, 8.74179875e-08, 2.90227081e-06), Color3.new(1, 0.666667, 0), Vector3.new(0.40000152587890625, 0.4000000059604645, 3.799999713897705), 0, false, false},
	{'Color', CFrame.new(-11.4000149, 2.98256016, 1.8640964, -3.11546984e-07, 1.99757196e-07, 1, 0.541240633, 0.840867758, -6.52388643e-10, -0.840867758, 0.541240633, 3.07535004e-07), Color3.new(0.803922, 0.803922, 0.803922), Vector3.new(0.20000000298023224, 1.2999999523162842, 0.20000000298023224), 0, true, Enum.PartType.Block},
	{'Color', CFrame.new(-11.4000149, 2.37499952, 1.49999118, -3.69557284e-07, -3.11796811e-10, 1, -4.10278365e-12, 1, -3.11761506e-10, -1, 4.10999056e-12, 3.0700582e-07), Color3.new(0.803922, 0.803922, 0.803922), Vector3.new(3.2000019550323486, 0.20000000298023224, 0.20000000298023224), 0, true, Enum.PartType.Block},
	{'Color', CFrame.new(-11.4000149, 2.9749999, -8.82148743e-06, -3.69557284e-07, -3.11796811e-10, 1, -4.10278365e-12, 1, -3.11761506e-10, -1, 4.10999056e-12, 3.0700582e-07), Color3.new(0.803922, 0.803922, 0.803922), Vector3.new(0.20000004768371582, 1, 0.20000000298023224), 0, true, Enum.PartType.Block},
	{'Color', CFrame.new(-10.9000063, 2.9749999, -2.29999495, -4.59223855e-07, 7.48109528e-07, 1, 1, -4.37058709e-08, -4.59223912e-07, 4.37164367e-08, 1, 1.03524917e-06), Color3.new(0.803922, 0.803922, 0.803922), Vector3.new(1.0000001192092896, 0.4000000059604645, 0.7999999523162842), 0, true, false},
	{'Color', CFrame.new(-10.9000063, 3.27500057, -1.29999447, 7.48119078e-07, 4.28455688e-10, 1, -8.74172557e-08, -1, -4.28526936e-10, 1, -8.74283046e-08, 1.03525872e-06), Color3.new(0.803922, 0.803922, 0.803922), Vector3.new(2.400001287460327, 0.4000000059604645, 0.7999999523162842), 0, true, false},
	{'Color', CFrame.new(-10.9000063, 2.9749999, -1.09999752, -4.59223855e-07, 7.48109528e-07, 1, 1, -4.37058709e-08, -4.59223912e-07, 4.37164367e-08, 1, 1.03524917e-06), Color3.new(0.803922, 0.803922, 0.803922), Vector3.new(1.0000001192092896, 0.4000000059604645, 0.7999999523162842), 0, true, false},
	{'Color', CFrame.new(-11.4000149, 3.57499957, 1.49999118, -3.69557284e-07, -3.11796811e-10, 1, -4.10278365e-12, 1, -3.11761506e-10, -1, 4.10999056e-12, 3.0700582e-07), Color3.new(0.803922, 0.803922, 0.803922), Vector3.new(3.2000019550323486, 0.20000000298023224, 0.20000000298023224), 0, true, Enum.PartType.Block},
	{'Part', CFrame.new(3.80933619, 3.15654087, 1.49995887, -0.78819412, 0.61542654, -1.23581984e-07, -0.61542654, -0.78819412, 3.3432688e-12, -1.09313824e-07, 8.53486313e-08, 1), Color3.new(1, 0.666667, 0), Vector3.new(0.6206376552581787, 0.5486043095588684, 8.789999961853027), 0, true, Enum.PartType.Block},
	{'Wheel3', CFrame.new(5.19999504, 1.42499852, 5.40497589, 1.31134158e-07, -1, 0, 0, 0, 1, -1, -1.31134158e-07, 0), Color3.new(0.105882, 0.164706, 0.207843), Vector3.new(1, 2.75, 2.75), 0, true, Enum.PartType.Cylinder},
	{'Wheel1', CFrame.new(-7.8000164, 1.57499969, 5.40003586, 1.31134158e-07, -1, 0, 0, 0, 1, -1, -1.31134158e-07, 0), Color3.new(0.105882, 0.164706, 0.207843), Vector3.new(1, 2.75, 2.75), 0, true, Enum.PartType.Cylinder},
	{'Wheel4', CFrame.new(5.19999504, 1.42499852, -2.39995575, -1.31134158e-07, 1, 0, 0, 0, 1, 1, 1.31134158e-07, 0), Color3.new(0.105882, 0.164706, 0.207843), Vector3.new(1, 2.75, 2.75), 0, true, Enum.PartType.Cylinder},
	{'Part', CFrame.new(-9.2336483, 2.63991547, 1.49995708, -0.6227476, 0.782422781, -1.23581984e-07, -0.782422781, -0.6227476, 3.27697309e-12, -8.63691767e-08, 1.08509319e-07, 1), Color3.new(1, 0.666667, 0), Vector3.new(0.5, 0.5, 8.789999961853027), 0, true, Enum.PartType.Block},
	{'Part', CFrame.new(-9.46411324, 2.26772928, 1.49995708, -0.42288819, 0.906181872, -1.23581984e-07, -0.906181872, -0.42288819, 3.27697309e-12, -5.86517963e-08, 1.25673651e-07, 1), Color3.new(1, 0.666667, 0), Vector3.new(0.5, 0.5, 8.789999961853027), 0, true, Enum.PartType.Block},
	{'Part', CFrame.new(-8.92265892, 2.94801712, 1.4999572, -0.788194239, 0.6154266, -1.23581984e-07, -0.6154266, -0.788194239, 3.27697309e-12, -1.09313802e-07, 8.5348681e-08, 1), Color3.new(1, 0.666667, 0), Vector3.new(0.5, 0.5, 8.789999961853027), 0, true, Enum.PartType.Block},
	{'Part', CFrame.new(-8.54833794, 3.17500639, 1.4999553, -0.910084844, 0.414421916, -1.23581984e-07, -0.414421916, -0.910084844, 3.27697309e-12, -1.26217742e-07, 5.74716807e-08, 1), Color3.new(1, 0.666667, 0), Vector3.new(0.5, 0.5, 8.789999961853027), 0, true, Enum.PartType.Block},
	{'Part', CFrame.new(-8.13137245, 3.3083396, 1.49995542, -0.981684029, 0.190516457, -1.23581984e-07, -0.190516457, -0.981684029, 3.27697309e-12, -1.36146852e-07, 2.64188174e-08, 1), Color3.new(1, 0.666667, 0), Vector3.new(0.5, 0.5, 8.789999961853027), 0, true, Enum.PartType.Block},
	{'Part', CFrame.new(-7.69479895, 3.34065151, 1.49995542, -0.99903518, -0.0439172685, -1.23581984e-07, 0.0439172685, -0.99903518, 3.27697309e-12, -1.3855238e-07, -6.09399819e-09, 1), Color3.new(1, 0.666667, 0), Vector3.new(0.5, 0.5, 8.789999961853027), 0, true, Enum.PartType.Block},
	{'Part', CFrame.new(-7.26274633, 3.27015543, 1.49995542, -0.961179495, -0.275923818, -1.23581984e-07, 0.275923818, -0.961179495, 3.27697309e-12, -1.33301583e-07, -3.827002e-08, 1), Color3.new(1, 0.666667, 0), Vector3.new(0.5, 0.5, 8.789999961853027), 0, true, Enum.PartType.Block},
	{'Part', CFrame.new(-6.85909033, 3.10074663, 1.49995553, -0.870208859, -0.492682993, -1.23581984e-07, 0.492682993, -0.870208859, 3.27697309e-12, -1.2068449e-07, -6.8331282e-08, 1), Color3.new(1, 0.666667, 0), Vector3.new(0.5, 0.5, 8.789999961853027), 0, true, Enum.PartType.Block},
	{'Part', CFrame.new(-6.50613546, 2.84178829, 1.49995553, -0.73115027, -0.682216406, -1.23581984e-07, 0.682216406, -0.73115027, 3.27697309e-12, -1.01398328e-07, -9.4616496e-08, 1), Color3.new(1, 0.666667, 0), Vector3.new(0.5, 0.5, 8.789999961853027), 0, true, Enum.PartType.Block},
	{'Part', CFrame.new(-6.22338676, 2.50758791, 1.49995756, -0.551688194, -0.834050417, -1.23581984e-07, 0.834050417, -0.551688194, 3.27697309e-12, -7.65088899e-08, -1.1567321e-07, 1), Color3.new(1, 0.666667, 0), Vector3.new(0.5, 0.5, 8.789999961853027), 0, true, Enum.PartType.Block},
	{'Part', CFrame.new(-6.02646828, 2.11661386, 1.49995756, -0.341739714, -0.93979466, -1.23581984e-07, 0.93979466, -0.341739714, 3.27697309e-12, -4.73915591e-08, -1.30337838e-07, 1), Color3.new(1, 0.666667, 0), Vector3.new(0.5, 0.5, 8.789999961853027), 0, true, Enum.PartType.Block},
	{'Part', CFrame.new(-9.15303993, 3.15316725, 1.49995708, -0.788194239, 0.6154266, -1.23581984e-07, -0.6154266, -0.788194239, 3.27697309e-12, -1.09313802e-07, 8.5348681e-08, 1), Color3.new(1, 0.666667, 0), Vector3.new(0.6106648445129395, 0.4459065794944763, 8.789999961853027), 0, true, Enum.PartType.Block},
	{'Part', CFrame.new(3.73768854, 2.63991308, 1.49995887, -0.622747481, 0.782422662, -1.23581984e-07, -0.782422662, -0.622747481, 3.3432688e-12, -8.63692193e-08, 1.08509262e-07, 1), Color3.new(1, 0.666667, 0), Vector3.new(0.5, 0.5, 8.789999961853027), 0, true, Enum.PartType.Block},
	{'Part', CFrame.new(3.50722361, 2.26772881, 1.49995875, -0.42288813, 0.906181693, -1.23581984e-07, -0.906181693, -0.42288813, 3.3432688e-12, -5.8651846e-08, 1.25673637e-07, 1), Color3.new(1, 0.666667, 0), Vector3.new(0.5, 0.5, 8.789999961853027), 0, true, Enum.PartType.Block},
	{'Part', CFrame.new(4.04867792, 2.94801569, 1.49995887, -0.78819412, 0.61542654, -1.23581984e-07, -0.61542654, -0.78819412, 3.3432688e-12, -1.09313824e-07, 8.53486313e-08, 1), Color3.new(1, 0.666667, 0), Vector3.new(0.5, 0.5, 8.789999961853027), 0, true, Enum.PartType.Block},
	{'Part', CFrame.new(4.42299891, 3.17500591, 1.49995887, -0.910084724, 0.414421827, -1.23581984e-07, -0.414421827, -0.910084724, 3.3432688e-12, -1.26217756e-07, 5.7471599e-08, 1), Color3.new(1, 0.666667, 0), Vector3.new(0.5, 0.5, 8.789999961853027), 0, true, Enum.PartType.Block},
	{'Part', CFrame.new(4.8399682, 3.30833912, 1.49995899, -0.98168385, 0.190516412, -1.23581984e-07, -0.190516412, -0.98168385, 3.3432688e-12, -1.36146809e-07, 2.64187463e-08, 1), Color3.new(1, 0.666667, 0), Vector3.new(0.5, 0.5, 8.789999961853027), 0, true, Enum.PartType.Block},
	{'Part', CFrame.new(5.27653742, 3.34065104, 1.49995899, -0.99903506, -0.0439172983, -1.23581984e-07, 0.0439172983, -0.99903506, 3.3432688e-12, -1.38552366e-07, -6.09406881e-09, 1), Color3.new(1, 0.666667, 0), Vector3.new(0.5, 0.5, 8.789999961853027), 0, true, Enum.PartType.Block},
	{'Part', CFrame.new(5.70858955, 3.27015305, 1.49995911, -0.961179316, -0.275923789, -1.23581984e-07, 0.275923789, -0.961179316, 3.3432688e-12, -1.3330154e-07, -3.82700804e-08, 1), Color3.new(1, 0.666667, 0), Vector3.new(0.5, 0.5, 8.789999961853027), 0, true, Enum.PartType.Block},
	{'Part', CFrame.new(6.11224556, 3.10074425, 1.4999572, -0.87020874, -0.492682934, -1.23581984e-07, 0.492682934, -0.87020874, 3.3432688e-12, -1.20684433e-07, -6.83313317e-08, 1), Color3.new(1, 0.666667, 0), Vector3.new(0.5, 0.5, 8.789999961853027), 0, true, Enum.PartType.Block},
	{'Part', CFrame.new(6.46520042, 2.84178782, 1.49995732, -0.73115021, -0.682216287, -1.23581984e-07, 0.682216287, -0.73115021, 3.3432688e-12, -1.01398271e-07, -9.46165102e-08, 1), Color3.new(1, 0.666667, 0), Vector3.new(0.5, 0.5, 8.789999961853027), 0, true, Enum.PartType.Block},
	{'Part', CFrame.new(1.6999836, 2.17497158, 3.40002203, 1.37637443e-07, 1.71091585e-10, 1, -1.13652241e-12, 1, -3.39447581e-10, -1, 1.13654702e-12, 1.42672235e-07), Color3.new(0.639216, 0.635294, 0.647059), Vector3.new(3, 1, 2), 0, true, Enum.PartType.Block},
	{'Part', CFrame.new(1.69998407, 2.17497206, -0.399997234, 1.37637443e-07, 1.71091585e-10, 1, -1.13652241e-12, 1, -3.39447581e-10, -1, 1.13654702e-12, 1.42672235e-07), Color3.new(0.639216, 0.635294, 0.647059), Vector3.new(3, 1, 2), 0, true, Enum.PartType.Block},
	{'Part', CFrame.new(-2.3000164, 2.17497158, -0.399997711, -2.51739607e-09, -8.41779979e-11, 1, -1.1365107e-12, 1, -8.41779979e-11, -1, 1.1365107e-12, 2.51739607e-09), Color3.new(0.639216, 0.635294, 0.647059), Vector3.new(3, 1, 2), 0, true, Enum.PartType.Block},
}

player = game.Players.LocalPlayer
char = player.Character
humpart = char:WaitForChild("HumanoidRootPart")

local model = Instance.new("Model", workspace)
model.Name = "4242"

local seat = Instance.new("VehicleSeat", model)
seat.Name = "Drive"
seat.Anchored = true
seat.CFrame = CFrame.new(-2.3000164, 1.57497668, 3.4000206, 1.29875474e-07, -4.2088999e-11, 1, -5.68265107e-13, 1, -4.2088999e-11, -1, 5.68251121e-13, 1.3239287e-07) + humpart.Position + Vector3.new(0, 0, 10)
seat.Size = Vector3.new(3, 1, 2)

for _, thing in ipairs(list) do
	local typ = thing[7]
	local part = if typ then Instance.new("Part", model) else Instance.new("WedgePart", model)
	if typ then
		part.Shape = typ
	end
	part.Anchored = true
	part.Name = thing[1]
	part.CFrame = thing[2] + humpart.Position + Vector3.new(0, 0, 10)
	part.Color = thing[3]
	part.Size = thing[4]
	part.TopSurface = Enum.SurfaceType.Smooth
	part.BottomSurface = Enum.SurfaceType.Smooth
	part.Transparency = thing[5]
	part.CanCollide = thing[6]
	local weld = Instance.new("WeldConstraint", part)
	weld.Part0 = part
	weld.Part1 = seat
	part.Anchored = false
end

local attachment0 = Instance.new("Attachment", model.BigThing)
local attachment1 = Instance.new("Attachment", model.BigThing)
attachment0.CFrame = CFrame.new(1.39999962, -0.499999046, 0, 1, 1.26054134e-09, 4.62284078e-08, 4.62284078e-08, 5.46337489e-11, -1, -1.26054134e-09, 1, 5.46336899e-11)
attachment1.CFrame = CFrame.new(-1.39993095, -0.499999046, -9.53674316e-07, -1, 1.26201882e-09, 4.11943688e-08, 4.11943688e-08, 8.19503423e-11, 1, 1.26201882e-09, 1, -8.19503909e-11)
local attachment2 = Instance.new("Attachment", model.Wheel4)
attachment2.CFrame = CFrame.new(0.5, 0, -0, -1, 3.67799758e-13, -8.39129655e-10, 3.67799785e-13, 1, -2.71995759e-11, 8.39129655e-10, -2.71995759e-11, -1)
local attachment3 = Instance.new("Attachment", model.Wheel3)
attachment3.CFrame = CFrame.new(0.5, 0, -0, -1, 3.67799758e-13, -8.39129655e-10, -3.67799785e-13, -1, 2.71995759e-11, -8.39129655e-10, 2.71995759e-11, 1)

local left = Instance.new("CylindricalConstraint", model.BigThing)
left.Name = "Left"
left.AngularActuatorType = Enum.ActuatorType.Motor
left.MotorMaxTorque = 5000
left.LimitsEnabled = true
left.LowerLimit = 2
left.UpperLimit = 2
left.Attachment0 = attachment1
left.Attachment1 = attachment3
model.Wheel3.WeldConstraint:Destroy()

local right = Instance.new("CylindricalConstraint", model.BigThing)
right.Name = "Right"
right.AngularActuatorType = Enum.ActuatorType.Motor
right.MotorMaxTorque = 5000
right.LimitsEnabled = true
right.LowerLimit = 2
right.UpperLimit = 2
right.Attachment0 = attachment0
right.Attachment1 = attachment2
model.Wheel4.WeldConstraint:Destroy()

local attachment4 = Instance.new("Attachment", model.Left)
attachment4.CFrame = CFrame.new(-0.5, 0, 0, -1, 0, 0, 0, 1, 0, 0, 0, -1)

local attachment5 = Instance.new("Attachment", model.Wheel1)
attachment5.CFrame = CFrame.new(0.5, 0, -1.1920929e-07, -1, 3.67799758e-13, -8.39129655e-10, -3.67799785e-13, -1, 2.71995759e-11, -8.39129655e-10, 2.71995759e-11, 1)

local left2 = Instance.new("CylindricalConstraint", model.Left)
left2.AngularActuatorType = Enum.ActuatorType.Motor
left2.MotorMaxTorque = 5000
left2.LimitsEnabled = true
left2.LowerLimit = 2
left2.UpperLimit = 2
left2.Attachment0 = attachment4
left2.Attachment1 = attachment5
model.Wheel1.WeldConstraint:Destroy()

local attachment6 = Instance.new("Attachment", model.Right)
attachment6.CFrame = CFrame.new(-0.5, 0, 0, -1, 8.77280186e-08, -1.20886853e-07, -8.77280186e-08, -1, -1.45135233e-14, -1.20886853e-07, -3.9083591e-15, 1)

local attachment7 = Instance.new("Attachment", model.Wheel2)
attachment7.CFrame = CFrame.new(0.5, 0, 1.1920929e-07, -1, 3.67799758e-13, -8.39129655e-10, 3.67799785e-13, 1, -2.71995759e-11, 8.39129655e-10, -2.71995759e-11, -1)

local left2 = Instance.new("CylindricalConstraint", model.Right)
left2.AngularActuatorType = Enum.ActuatorType.Motor
left2.MotorMaxTorque = 5000
left2.LimitsEnabled = true
left2.LowerLimit = 2
left2.UpperLimit = 2
left2.Attachment0 = attachment6
left2.Attachment1 = attachment7
model.Wheel2.WeldConstraint:Destroy()

seat.Anchored = false

